world: f426770c-0cf2-4454-94e7-0f4170382838
x: 999.5703701746071
y: 67.0
z: -314.229737043515
yaw: 178.8004913330078
pitch: -14.250044822692871
name: auc
lastowner: 94135d3f-0697-3d87-88bc-4912cd916963
world-name: lobby
