world: f426770c-0cf2-4454-94e7-0f4170382838
x: 985.4937934623996
y: 67.0
z: -309.063519365563
yaw: 91.48959350585938
pitch: -5.864628791809082
name: case
lastowner: 94135d3f-0697-3d87-88bc-4912cd916963
world-name: lobby
