world: f426770c-0cf2-4454-94e7-0f4170382838
x: 980.7705144591044
y: 72.0625
z: -343.7095428397885
yaw: 190.58399963378906
pitch: 0.684017539024353
name: casino
lastowner: 8dca7644-8fa1-3f44-b5c6-33b1dd542ede
world-name: lobby
