world: 16e7b800-616e-42d2-bb63-6692bb26be73
world-name: world_the_end
x: -0.20224340518867526
y: 62.0
z: -7.65488133649123
yaw: -358.9019470214844
pitch: 2.399935007095337
name: end
lastowner: ae3836dc-e816-3968-a232-0d3137e6fb1c
