world: f426770c-0cf2-4454-94e7-0f4170382838
world-name: lobby
x: 999.5313711231245
y: 67.0
z: -342.12072699459475
yaw: -0.06591796875
pitch: -15.601284980773926
name: help
lastowner: 94135d3f-0697-3d87-88bc-4912cd916963
