world: f426770c-0cf2-4454-94e7-0f4170382838
x: 1025.2293293914472
y: 68.0
z: -288.44235717877996
yaw: 269.839599609375
pitch: 0.5853772759437561
name: potions
lastowner: 94135d3f-0697-3d87-88bc-4912cd916963
world-name: lobby
