world: f426770c-0cf2-4454-94e7-0f4170382838
x: 1009.5648163459877
y: 108.5
z: -549.8306884780586
yaw: 359.593505859375
pitch: -1.8001585006713867
name: pvp
lastowner: 94135d3f-0697-3d87-88bc-4912cd916963
world-name: lobby
