world: f426770c-0cf2-4454-94e7-0f4170382838
x: 1012.4324164015967
y: 68.0
z: -356.78699430071225
yaw: 179.09982299804688
pitch: -9.000001907348633
name: pvpon
lastowner: 94135d3f-0697-3d87-88bc-4912cd916963
world-name: lobby
