world: f426770c-0cf2-4454-94e7-0f4170382838
x: 1026.2552962843279
y: 68.0
z: -300.4483323867141
yaw: 269.8710632324219
pitch: 1.629656434059143
name: quest
lastowner: 8dca7644-8fa1-3f44-b5c6-33b1dd542ede
world-name: lobby
