world: f426770c-0cf2-4454-94e7-0f4170382838
world-name: lobby
x: 1025.5221522420456
y: 68.0
z: -296.46249191762365
yaw: 269.5838928222656
pitch: 0.920799195766449
name: seller
lastowner: 8dca7644-8fa1-3f44-b5c6-33b1dd542ede
