world: f426770c-0cf2-4454-94e7-0f4170382838
world-name: lobby
x: 999.5986399377684
y: 68.0
z: -277.43295139553476
yaw: 1.036346435546875
pitch: -31.49999237060547
name: top_time
lastowner: 94135d3f-0697-3d87-88bc-4912cd916963
