world: f426770c-0cf2-4454-94e7-0f4170382838
world-name: lobby
x: 1007.0826570297089
y: 68.5
z: -356.4809629090433
yaw: 90.739013671875
pitch: -32.550071716308594
name: top_died
lastowner: 94135d3f-0697-3d87-88bc-4912cd916963
