world: f426770c-0cf2-4454-94e7-0f4170382838
world-name: lobby
x: 992.471549761466
y: 69.0
z: -279.6864567448684
yaw: 88.48636627197266
pitch: -30.29998016357422
name: top_money
lastowner: 94135d3f-0697-3d87-88bc-4912cd916963
