world: f426770c-0cf2-4454-94e7-0f4170382838
world-name: lobby
x: 1016.6231987583318
y: 68.0
z: -356.44045143266163
yaw: 268.93896484375
pitch: -24.750072479248047
name: top_kill
lastowner: 94135d3f-0697-3d87-88bc-4912cd916963
