world: f426770c-0cf2-4454-94e7-0f4170382838
world-name: lobby
x: 1006.7084910114552
y: 69.0
z: -279.40916872701405
yaw: 268.63623046875
pitch: -31.199995040893555
name: top_rub
lastowner: 94135d3f-0697-3d87-88bc-4912cd916963
