world: f426770c-0cf2-4454-94e7-0f4170382838
x: 982.3529236037197
y: 67.0
z: -290.34320698109457
yaw: 37.59154510498047
pitch: -0.7161532044410706
name: wood
lastowner: 8dca7644-8fa1-3f44-b5c6-33b1dd542ede
world-name: lobby
